sample	AHL	fluo	IPTG	mean	median	mode
G	0	GREEN	0	562.954355049543	545.25	490.5
G	0	GREEN	0.0625	554.929833399789	534.5	510.5
G	0	GREEN	0.125	566.45189139023	544.25	497
G	0	GREEN	0.25	557.767872308424	537	494.25
G	0	GREEN	0.5	564.12909354267	540.75	494.75
G	0	GREEN	1	577.235694201273	553.5	498.25
G	0	RED	0	291.708380595523	295.5	288.25
G	0	RED	0.0625	402.594010764618	394.75	382.5
G	0	RED	0.125	420.995522733872	415	397.25
G	0	RED	0.25	439.183179110692	428.25	413.5
G	0	RED	0.5	445.375714458207	438.5	428.75
G	0	RED	1	458.273282170644	451.25	447
G	0.003125	GREEN	0	630.340889515171	619.25	592.25
G	0.003125	GREEN	0.0625	630.893195105399	615.25	585.75
G	0.003125	GREEN	0.125	628.440587000054	613.25	563.75
G	0.003125	GREEN	0.25	619.036321476665	603.25	582
G	0.003125	GREEN	0.5	558.004703857667	549.125	455.5
G	0.003125	GREEN	1	483.516526927158	456.25	371.75
G	0.003125	RED	0	286.07013651349	289.5	272.25
G	0.003125	RED	0.0625	378.14378020088	373.25	345
G	0.003125	RED	0.125	396.560624830106	391.25	370
G	0.003125	RED	0.25	412.048600610658	406.5	390.75
G	0.003125	RED	0.5	454.017326369027	450.5	446.5
G	0.003125	RED	1	506.263110783037	503	488
G	0.00625	GREEN	0	681.0840865676	672.5	640.5
G	0.00625	GREEN	0.0625	679.513289246293	669	642.25
G	0.00625	GREEN	0.125	676.304384469133	666.25	653.75
G	0.00625	GREEN	0.25	660.14713952883	649.75	590
G	0.00625	GREEN	0.5	491.384618685626	457.25	363.25
G	0.00625	GREEN	1	450.235484439543	409.5	316.25
G	0.00625	RED	0	287.015831867536	290.75	291.5
G	0.00625	RED	0.0625	371.889302246445	367.75	345.5
G	0.00625	RED	0.125	383.015116763491	378.75	358
G	0.00625	RED	0.25	397.059490778893	391.25	375.5
G	0.00625	RED	0.5	489.323472237563	489	462.5
G	0.00625	RED	1	537.983853080427	537.5	528.75
G	0.0125	GREEN	0	763.233820111719	764.5	769.25
G	0.0125	GREEN	0.0625	727.157590459333	723.75	720.25
G	0.0125	GREEN	0.125	710.255995892099	705.5	686
G	0.0125	GREEN	0.25	699.940112938446	702.25	673.75
G	0.0125	GREEN	0.5	424.243074052545	380.5	329.75
G	0.0125	GREEN	1	426.62873912361	393.375	336.25
G	0.0125	RED	0	281.782228184182	285.75	267
G	0.0125	RED	0.0625	359.293580495517	357.25	336.5
G	0.0125	RED	0.125	371.713840019602	369	346
G	0.0125	RED	0.25	402.107983218293	398.5	378.75
G	0.0125	RED	0.5	561.821277337745	555.25	535.75
G	0.0125	RED	1	586.238077532647	580.5	549.5
G	0.025	GREEN	0	786.864385424927	806.5	797.75
G	0.025	GREEN	0.0625	766.624697927203	769.25	792.25
G	0.025	GREEN	0.125	754.035830279361	762.5	785
G	0.025	GREEN	0.25	623.469192950357	644.75	505
G	0.025	GREEN	0.5	376.942281613718	353.75	306
G	0.025	GREEN	1	391.641589595992	373.5	308
G	0.025	RED	0	284.021337776799	287.75	266.5
G	0.025	RED	0.0625	359.40011516853	357.75	357.25
G	0.025	RED	0.125	375.208076709416	371.75	365.25
G	0.025	RED	0.25	430.677316081796	418.5	400.5
G	0.025	RED	0.5	590.91049251279	584.75	584.25
G	0.025	RED	1	609.816201897499	606.5	605.5
G	0.05	GREEN	0	720.857571371094	704.5	735.75
G	0.05	GREEN	0.0625	736.452534350042	708.5	678
G	0.05	GREEN	0.125	803.59550166994	806.5	807.5
G	0.05	GREEN	0.25	502.103339537917	458.5	259.25
G	0.05	GREEN	0.5	389.034546810996	374.25	316.5
G	0.05	GREEN	1	392.562195812917	381	287.75
G	0.05	RED	0	286.795205779707	287	274
G	0.05	RED	0.0625	404.981633092485	412.25	362
G	0.05	RED	0.125	383.422100576477	381.75	381.75
G	0.05	RED	0.25	544.456465110827	538.5	520
G	0.05	RED	0.5	668.560992013568	664.75	658.25
G	0.05	RED	1	680.524286151468	678.25	686.25
R	0	GREEN	0	526.928074823833	510.5	490
R	0	GREEN	0.0625	545.243917354406	522.5	483.5
R	0	GREEN	0.125	543.098894934557	520	463
R	0	GREEN	0.25	540.780329657218	516	464.5
R	0	GREEN	0.5	544.274321940621	519.75	482.5
R	0	GREEN	1	555.525133596128	530	474
R	0	RED	0	290.124016608476	293.5	270
R	0	RED	0.0625	395.362234977979	390	390
R	0	RED	0.125	415.64961688139	410	398
R	0	RED	0.25	432.916190758056	425.5	403
R	0	RED	0.5	444.839506146129	438.5	424.5
R	0	RED	1	455.098456661132	447	433
R	0.003125	GREEN	0	608.801299175972	593.5	566.5
R	0.003125	GREEN	0.0625	616.998324292721	600.5	569
R	0.003125	GREEN	0.125	601.295439950918	586	543
R	0.003125	GREEN	0.25	548.277361069822	538.5	452
R	0.003125	GREEN	0.5	502.392791105949	483.5	353.5
R	0.003125	GREEN	1	469.833181094787	438.5	353.5
R	0.003125	RED	0	294.412919879041	298.5	288
R	0.003125	RED	0.0625	385.905019757999	379.5	351
R	0.003125	RED	0.125	404.401351226737	398	385
R	0.003125	RED	0.25	449.759311359802	446	435
R	0.003125	RED	0.5	485.438293178389	482	464
R	0.003125	RED	1	511.480696254582	506.5	496
R	0.00625	GREEN	0	657.058528193886	644.5	591.5
R	0.00625	GREEN	0.0625	678.479528828026	667	644.5
R	0.00625	GREEN	0.125	587.581056862011	591.5	573.5
R	0.00625	GREEN	0.25	499.8690328719	477	353.5
R	0.00625	GREEN	0.5	443.648979489346	393	347.5
R	0.00625	GREEN	1	436.200560959618	389.5	350
R	0.00625	RED	0	293.542757048472	297.5	290.5
R	0.00625	RED	0.0625	386.441103943902	381.5	351
R	0.00625	RED	0.125	428.911276697665	423	402.5
R	0.00625	RED	0.25	494.177805688002	495	514
R	0.00625	RED	0.5	535.431819398767	530.5	521
R	0.00625	RED	1	557.588849369323	549.5	545.5
R	0.0125	GREEN	0	724.4442985316	716	696
R	0.0125	GREEN	0.0625	734.862462911877	732	691.5
R	0.0125	GREEN	0.125	460.326385254991	397.5	339
R	0.0125	GREEN	0.25	445.8853084839	383	351
R	0.0125	GREEN	0.5	415.484734354517	377	345
R	0.0125	GREEN	1	425.851372586512	390	345
R	0.0125	RED	0	292.31046483347	296	296
R	0.0125	RED	0.0625	397.522423097998	394	370.5
R	0.0125	RED	0.125	516.279234644679	514	498
R	0.0125	RED	0.25	542.486205215298	541.5	518.5
R	0.0125	RED	0.5	578.12816071696	570	548
R	0.0125	RED	1	595.359199015907	586.5	562
R	0.025	GREEN	0	819.369226960661	827.5	847.5
R	0.025	GREEN	0.0625	594.221757338854	615	559
R	0.025	GREEN	0.125	405.637530436959	364	345
R	0.025	GREEN	0.25	413.115513300676	377.5	345
R	0.025	GREEN	0.5	405.03540707004	387.5	351
R	0.025	GREEN	1	424.944335185012	413	345
R	0.025	RED	0	292.54165353082	295	292.5
R	0.025	RED	0.0625	459.6563644308	449.5	395
R	0.025	RED	0.125	574.177741000902	565.5	542.5
R	0.025	RED	0.25	596.196799897865	588.5	571
R	0.025	RED	0.5	627.752475141406	620	617.5
R	0.025	RED	1	648.72725046126	645.5	627
R	0.05	GREEN	0	868.302033271158	877	895.5
R	0.05	GREEN	0.0625	407.757408648215	376.5	351
R	0.05	GREEN	0.125	406.418099683004	389	345
R	0.05	GREEN	0.25	414.134866701316	404.5	364.5
R	0.05	GREEN	0.5	422.060194302577	416	351
R	0.05	GREEN	1	421.931481938893	419	345
R	0.05	RED	0	298.95910506428	299.5	306.5
R	0.05	RED	0.0625	598.555045694608	586	544.5
R	0.05	RED	0.125	638.675050076131	632	592
R	0.05	RED	0.25	664.064991253448	662	638.5
R	0.05	RED	0.5	690.934489067587	689	670.5
R	0.05	RED	1	701.617521202131	703	723.5
